C_v = (1.4973e+00 ± 3.5110e-05)
f = (2.9946962603811773 ± 7.02201351902624e-05)
Z_mean = (9.9869e-01 ± 5.0699e-03)
