C_v = (1.4973481 ± 0.0000351)
f = (2.9946963 ± 0.0000702)
Z_mean = (0.9986882 ± 0.0050699)
