C_v = (1.4962e+00 ± 4.5359e-04)
f = (2.992403428952582 ± 0.0009071739345567226)
Z_mean = (9.9629e-01 ± 8.4733e-03)
