C_v = (1.4962017 ± 0.0004536)
f = (2.9924034 ± 0.0009072)
Z_mean = (0.9962933 ± 0.0084733)
